0 1
0 16
1 0
1 2
1 17
2 1
2 3
2 18
3 2
3 4
3 19
4 3
4 5
4 20
5 4
5 6
5 21
6 5
6 7
6 22
7 6
7 8
7 23
8 7
8 9
8 24
9 8
9 10
9 25
10 9
10 11
10 26
11 10
11 12
11 27
12 11
12 13
12 28
13 12
13 14
13 29
14 13
14 15
14 30
15 14
15 31
16 0
16 17
16 32
17 1
17 16
17 18
17 33
18 2
18 17
18 19
18 34
19 3
19 18
19 20
19 35
20 4
20 19
20 21
20 36
21 5
21 20
21 22
21 37
22 6
22 21
22 23
22 38
23 7
23 22
23 24
23 39
24 8
24 23
24 25
24 40
25 9
25 24
25 26
25 41
26 10
26 25
26 27
26 42
27 11
27 26
27 28
27 43
28 12
28 27
28 29
28 44
29 13
29 28
29 30
29 45
30 14
30 29
30 31
30 46
31 15
31 30
31 47
32 16
32 33
32 48
33 17
33 32
33 34
33 49
34 18
34 33
34 35
34 50
35 19
35 34
35 36
35 51
36 20
36 35
36 37
36 52
37 21
37 36
37 38
37 53
38 22
38 37
38 39
38 54
39 23
39 38
39 40
39 55
40 24
40 39
40 41
40 56
41 25
41 40
41 42
41 57
42 26
42 41
42 43
42 58
43 27
43 42
43 44
43 59
44 28
44 43
44 45
44 60
45 29
45 44
45 46
45 61
46 30
46 45
46 47
46 62
47 31
47 46
47 63
48 32
48 49
48 64
49 33
49 48
49 50
49 65
50 34
50 49
50 51
50 66
51 35
51 50
51 52
51 67
52 36
52 51
52 53
52 68
53 37
53 52
53 54
53 69
54 38
54 53
54 55
54 70
55 39
55 54
55 56
55 71
56 40
56 55
56 57
56 72
57 41
57 56
57 58
57 73
58 42
58 57
58 59
58 74
59 43
59 58
59 60
59 75
60 44
60 59
60 61
60 76
61 45
61 60
61 62
61 77
62 46
62 61
62 63
62 78
63 47
63 62
63 79
64 48
64 65
64 80
65 49
65 64
65 66
65 81
66 50
66 65
66 67
66 82
67 51
67 66
67 68
67 83
68 52
68 67
68 69
68 84
69 53
69 68
69 70
69 85
70 54
70 69
70 71
70 86
71 55
71 70
71 72
71 87
72 56
72 71
72 73
72 88
73 57
73 72
73 74
73 89
74 58
74 73
74 75
74 90
75 59
75 74
75 76
75 91
76 60
76 75
76 77
76 92
77 61
77 76
77 78
77 93
78 62
78 77
78 79
78 94
79 63
79 78
79 95
80 64
80 81
80 96
81 65
81 80
81 82
81 97
82 66
82 81
82 83
82 98
83 67
83 82
83 84
83 99
84 68
84 83
84 85
84 100
85 69
85 84
85 86
85 101
85 341
85 342
86 70
86 85
86 87
86 102
86 341
86 343
87 71
87 86
87 88
87 103
87 342
87 344
88 72
88 87
88 89
88 104
88 343
88 345
89 73
89 88
89 90
89 105
89 344
89 346
90 74
90 89
90 91
90 106
90 345
90 346
91 75
91 90
91 92
91 107
92 76
92 91
92 93
92 108
93 77
93 92
93 94
93 109
94 78
94 93
94 95
94 110
95 79
95 94
95 111
96 80
96 97
96 112
97 81
97 96
97 98
97 113
98 82
98 97
98 99
98 114
99 83
99 98
99 100
99 115
100 84
100 99
100 101
100 116
101 85
101 100
101 102
101 117
102 86
102 101
102 103
102 118
103 87
103 102
103 104
103 119
104 88
104 103
104 105
104 120
105 89
105 104
105 106
105 121
106 90
106 105
106 107
106 122
107 91
107 106
107 108
107 123
108 92
108 107
108 109
108 124
109 93
109 108
109 110
109 125
110 94
110 109
110 111
110 126
111 95
111 110
111 127
112 96
112 113
112 128
113 97
113 112
113 114
113 129
114 98
114 113
114 115
114 130
115 99
115 114
115 116
115 131
116 100
116 115
116 117
116 132
117 101
117 116
117 118
117 133
118 102
118 117
118 119
118 134
119 103
119 118
119 120
119 135
120 104
120 119
120 121
120 136
121 105
121 120
121 122
121 137
122 106
122 121
122 123
122 138
123 107
123 122
123 124
123 139
124 108
124 123
124 125
124 140
125 109
125 124
125 126
125 141
126 110
126 125
126 127
126 142
127 111
127 126
127 143
128 112
128 129
128 144
129 113
129 128
129 130
129 145
130 114
130 129
130 131
130 146
131 115
131 130
131 132
131 147
132 116
132 131
132 133
132 148
133 117
133 132
133 134
133 149
134 118
134 133
134 135
134 150
135 119
135 134
135 136
135 151
136 120
136 135
136 137
136 152
137 121
137 136
137 138
137 153
138 122
138 137
138 139
138 154
139 123
139 138
139 140
139 155
140 124
140 139
140 141
140 156
141 125
141 140
141 142
141 157
142 126
142 141
142 143
142 158
143 127
143 142
143 159
144 128
144 145
144 160
145 129
145 144
145 146
145 161
146 130
146 145
146 147
146 162
147 131
147 146
147 148
147 163
148 132
148 147
148 149
148 164
149 133
149 148
149 150
149 165
150 134
150 149
150 151
150 166
151 135
151 150
151 152
151 167
152 136
152 151
152 153
152 168
153 137
153 152
153 154
153 169
154 138
154 153
154 155
154 170
155 139
155 154
155 156
155 171
156 140
156 155
156 157
156 172
157 141
157 156
157 158
157 173
158 142
158 157
158 159
158 174
159 143
159 158
159 175
160 144
160 161
160 176
161 145
161 160
161 162
161 177
162 146
162 161
162 163
162 178
163 147
163 162
163 164
163 179
164 148
164 163
164 165
164 180
165 149
165 164
165 166
165 181
165 421
165 422
166 150
166 165
166 167
166 182
166 421
166 423
167 151
167 166
167 168
167 183
167 422
167 424
168 152
168 167
168 169
168 184
168 423
168 425
169 153
169 168
169 170
169 185
169 424
169 426
170 154
170 169
170 171
170 186
170 425
170 426
171 155
171 170
171 172
171 187
172 156
172 171
172 173
172 188
173 157
173 172
173 174
173 189
174 158
174 173
174 175
174 190
175 159
175 174
175 191
176 160
176 177
176 192
177 161
177 176
177 178
177 193
178 162
178 177
178 179
178 194
179 163
179 178
179 180
179 195
180 164
180 179
180 181
180 196
181 165
181 180
181 182
181 197
182 166
182 181
182 183
182 198
183 167
183 182
183 184
183 199
184 168
184 183
184 185
184 200
185 169
185 184
185 186
185 201
186 170
186 185
186 187
186 202
187 171
187 186
187 188
187 203
188 172
188 187
188 189
188 204
189 173
189 188
189 190
189 205
190 174
190 189
190 191
190 206
191 175
191 190
191 207
192 176
192 193
192 208
193 177
193 192
193 194
193 209
194 178
194 193
194 195
194 210
195 179
195 194
195 196
195 211
196 180
196 195
196 197
196 212
197 181
197 196
197 198
197 213
198 182
198 197
198 199
198 214
199 183
199 198
199 200
199 215
200 184
200 199
200 201
200 216
201 185
201 200
201 202
201 217
202 186
202 201
202 203
202 218
203 187
203 202
203 204
203 219
204 188
204 203
204 205
204 220
205 189
205 204
205 206
205 221
206 190
206 205
206 207
206 222
207 191
207 206
207 223
208 192
208 209
208 224
209 193
209 208
209 210
209 225
210 194
210 209
210 211
210 226
211 195
211 210
211 212
211 227
212 196
212 211
212 213
212 228
213 197
213 212
213 214
213 229
214 198
214 213
214 215
214 230
215 199
215 214
215 216
215 231
216 200
216 215
216 217
216 232
217 201
217 216
217 218
217 233
218 202
218 217
218 219
218 234
219 203
219 218
219 220
219 235
220 204
220 219
220 221
220 236
221 205
221 220
221 222
221 237
222 206
222 221
222 223
222 238
223 207
223 222
223 239
224 208
224 225
224 240
225 209
225 224
225 226
225 241
226 210
226 225
226 227
226 242
227 211
227 226
227 228
227 243
228 212
228 227
228 229
228 244
229 213
229 228
229 230
229 245
230 214
230 229
230 231
230 246
231 215
231 230
231 232
231 247
232 216
232 231
232 233
232 248
233 217
233 232
233 234
233 249
234 218
234 233
234 235
234 250
235 219
235 234
235 236
235 251
236 220
236 235
236 237
236 252
237 221
237 236
237 238
237 253
238 222
238 237
238 239
238 254
239 223
239 238
239 255
240 224
240 241
241 225
241 240
241 242
242 226
242 241
242 243
243 227
243 242
243 244
244 228
244 243
244 245
245 229
245 244
245 246
246 230
246 245
246 247
247 231
247 246
247 248
248 232
248 247
248 249
249 233
249 248
249 250
250 234
250 249
250 251
251 235
251 250
251 252
252 236
252 251
252 253
253 237
253 252
253 254
254 238
254 253
254 255
255 239
255 254
256 257
256 272
257 256
257 258
257 273
258 257
258 259
258 274
259 258
259 260
259 275
260 259
260 261
260 276
261 260
261 262
261 277
262 261
262 263
262 278
263 262
263 264
263 279
264 263
264 265
264 280
265 264
265 266
265 281
266 265
266 267
266 282
267 266
267 268
267 283
268 267
268 269
268 284
269 268
269 270
269 285
270 269
270 271
270 286
271 270
271 287
272 256
272 273
272 288
273 257
273 272
273 274
273 289
274 258
274 273
274 275
274 290
275 259
275 274
275 276
275 291
276 260
276 275
276 277
276 292
277 261
277 276
277 278
277 293
278 262
278 277
278 279
278 294
279 263
279 278
279 280
279 295
280 264
280 279
280 281
280 296
281 265
281 280
281 282
281 297
282 266
282 281
282 283
282 298
283 267
283 282
283 284
283 299
284 268
284 283
284 285
284 300
285 269
285 284
285 286
285 301
286 270
286 285
286 287
286 302
287 271
287 286
287 303
288 272
288 289
288 304
289 273
289 288
289 290
289 305
290 274
290 289
290 291
290 306
291 275
291 290
291 292
291 307
292 276
292 291
292 293
292 308
293 277
293 292
293 294
293 309
294 278
294 293
294 295
294 310
295 279
295 294
295 296
295 311
296 280
296 295
296 297
296 312
297 281
297 296
297 298
297 313
298 282
298 297
298 299
298 314
299 283
299 298
299 300
299 315
300 284
300 299
300 301
300 316
301 285
301 300
301 302
301 317
302 286
302 301
302 303
302 318
303 287
303 302
303 319
304 288
304 305
304 320
305 289
305 304
305 306
305 321
306 290
306 305
306 307
306 322
307 291
307 306
307 308
307 323
308 292
308 307
308 309
308 324
309 293
309 308
309 310
309 325
310 294
310 309
310 311
310 326
311 295
311 310
311 312
311 327
312 296
312 311
312 313
312 328
313 297
313 312
313 314
313 329
314 298
314 313
314 315
314 330
315 299
315 314
315 316
315 331
316 300
316 315
316 317
316 332
317 301
317 316
317 318
317 333
318 302
318 317
318 319
318 334
319 303
319 318
319 335
320 304
320 321
320 336
321 305
321 320
321 322
321 337
322 306
322 321
322 323
322 338
323 307
323 322
323 324
323 339
324 308
324 323
324 325
324 340
325 309
325 324
325 326
325 341
326 310
326 325
326 327
326 342
327 311
327 326
327 328
327 343
328 312
328 327
328 329
328 344
329 313
329 328
329 330
329 345
330 314
330 329
330 331
330 346
331 315
331 330
331 332
331 347
332 316
332 331
332 333
332 348
333 317
333 332
333 334
333 349
334 318
334 333
334 335
334 350
335 319
335 334
335 351
336 320
336 337
336 352
337 321
337 336
337 338
337 353
338 322
338 337
338 339
338 354
339 323
339 338
339 340
339 355
340 324
340 339
340 341
340 356
341 85
341 101
341 325
341 340
341 342
341 357
342 326
342 341
342 343
342 358
343 327
343 342
343 344
343 359
344 328
344 343
344 345
344 360
345 329
345 344
345 346
345 361
346 90
346 106
346 330
346 345
346 347
346 362
347 331
347 346
347 348
347 363
348 332
348 347
348 349
348 364
349 333
349 348
349 350
349 365
350 334
350 349
350 351
350 366
351 335
351 350
351 367
352 336
352 353
352 368
353 337
353 352
353 354
353 369
354 338
354 353
354 355
354 370
355 339
355 354
355 356
355 371
356 340
356 355
356 357
356 372
357 85
357 117
357 341
357 356
357 358
357 373
358 342
358 357
358 359
358 374
359 343
359 358
359 360
359 375
360 344
360 359
360 361
360 376
361 345
361 360
361 362
361 377
362 90
362 122
362 346
362 361
362 363
362 378
363 347
363 362
363 364
363 379
364 348
364 363
364 365
364 380
365 349
365 364
365 366
365 381
366 350
366 365
366 367
366 382
367 351
367 366
367 383
368 352
368 369
368 384
369 353
369 368
369 370
369 385
370 354
370 369
370 371
370 386
371 355
371 370
371 372
371 387
372 356
372 371
372 373
372 388
373 101
373 133
373 357
373 372
373 374
373 389
374 358
374 373
374 375
374 390
375 359
375 374
375 376
375 391
376 360
376 375
376 377
376 392
377 361
377 376
377 378
377 393
378 106
378 138
378 362
378 377
378 379
378 394
379 363
379 378
379 380
379 395
380 364
380 379
380 381
380 396
381 365
381 380
381 382
381 397
382 366
382 381
382 383
382 398
383 367
383 382
383 399
384 368
384 385
384 400
385 369
385 384
385 386
385 401
386 370
386 385
386 387
386 402
387 371
387 386
387 388
387 403
388 372
388 387
388 389
388 404
389 117
389 149
389 373
389 388
389 390
389 405
390 374
390 389
390 391
390 406
391 375
391 390
391 392
391 407
392 376
392 391
392 393
392 408
393 377
393 392
393 394
393 409
394 122
394 154
394 378
394 393
394 395
394 410
395 379
395 394
395 396
395 411
396 380
396 395
396 397
396 412
397 381
397 396
397 398
397 413
398 382
398 397
398 399
398 414
399 383
399 398
399 415
400 384
400 401
400 416
401 385
401 400
401 402
401 417
402 386
402 401
402 403
402 418
403 387
403 402
403 404
403 419
404 388
404 403
404 405
404 420
405 133
405 165
405 389
405 404
405 406
405 421
406 390
406 405
406 407
406 422
407 391
407 406
407 408
407 423
408 392
408 407
408 409
408 424
409 393
409 408
409 410
409 425
410 138
410 170
410 394
410 409
410 411
410 426
411 395
411 410
411 412
411 427
412 396
412 411
412 413
412 428
413 397
413 412
413 414
413 429
414 398
414 413
414 415
414 430
415 399
415 414
415 431
416 400
416 417
416 432
417 401
417 416
417 418
417 433
418 402
418 417
418 419
418 434
419 403
419 418
419 420
419 435
420 404
420 419
420 421
420 436
421 149
421 165
421 405
421 420
421 422
421 437
422 406
422 421
422 423
422 438
423 407
423 422
423 424
423 439
424 408
424 423
424 425
424 440
425 409
425 424
425 426
425 441
426 154
426 170
426 410
426 425
426 427
426 442
427 411
427 426
427 428
427 443
428 412
428 427
428 429
428 444
429 413
429 428
429 430
429 445
430 414
430 429
430 431
430 446
431 415
431 430
431 447
432 416
432 433
432 448
433 417
433 432
433 434
433 449
434 418
434 433
434 435
434 450
435 419
435 434
435 436
435 451
436 420
436 435
436 437
436 452
437 421
437 436
437 438
437 453
438 422
438 437
438 439
438 454
439 423
439 438
439 440
439 455
440 424
440 439
440 441
440 456
441 425
441 440
441 442
441 457
442 426
442 441
442 443
442 458
443 427
443 442
443 444
443 459
444 428
444 443
444 445
444 460
445 429
445 444
445 446
445 461
446 430
446 445
446 447
446 462
447 431
447 446
447 463
448 432
448 449
448 464
449 433
449 448
449 450
449 465
450 434
450 449
450 451
450 466
451 435
451 450
451 452
451 467
452 436
452 451
452 453
452 468
453 437
453 452
453 454
453 469
454 438
454 453
454 455
454 470
455 439
455 454
455 456
455 471
456 440
456 455
456 457
456 472
457 441
457 456
457 458
457 473
458 442
458 457
458 459
458 474
459 443
459 458
459 460
459 475
460 444
460 459
460 461
460 476
461 445
461 460
461 462
461 477
462 446
462 461
462 463
462 478
463 447
463 462
463 479
464 448
464 465
464 480
465 449
465 464
465 466
465 481
466 450
466 465
466 467
466 482
467 451
467 466
467 468
467 483
468 452
468 467
468 469
468 484
469 453
469 468
469 470
469 485
470 454
470 469
470 471
470 486
471 455
471 470
471 472
471 487
472 456
472 471
472 473
472 488
473 457
473 472
473 474
473 489
474 458
474 473
474 475
474 490
475 459
475 474
475 476
475 491
476 460
476 475
476 477
476 492
477 461
477 476
477 478
477 493
478 462
478 477
478 479
478 494
479 463
479 478
479 495
480 464
480 481
480 496
481 465
481 480
481 482
481 497
482 466
482 481
482 483
482 498
483 467
483 482
483 484
483 499
484 468
484 483
484 485
484 500
485 469
485 484
485 486
485 501
486 470
486 485
486 487
486 502
487 471
487 486
487 488
487 503
488 472
488 487
488 489
488 504
489 473
489 488
489 490
489 505
490 474
490 489
490 491
490 506
491 475
491 490
491 492
491 507
492 476
492 491
492 493
492 508
493 477
493 492
493 494
493 509
494 478
494 493
494 495
494 510
495 479
495 494
495 511
496 480
496 497
497 481
497 496
497 498
498 482
498 497
498 499
499 483
499 498
499 500
500 484
500 499
500 501
501 485
501 500
501 502
502 486
502 501
502 503
503 487
503 502
503 504
504 488
504 503
504 505
505 489
505 504
505 506
506 490
506 505
506 507
507 491
507 506
507 508
508 492
508 507
508 509
509 493
509 508
509 510
510 494
510 509
510 511
511 495
511 510
