0 1
0 16
1 2
1 17
2 3
2 18
3 4
3 19
4 5
4 20
5 6
5 21
6 7
6 22
7 8
7 23
8 9
8 24
9 10
9 25
10 11
10 26
11 12
11 27
12 13
12 28
13 14
13 29
14 15
14 30
15 31
16 17
16 32
17 18
17 33
18 19
18 34
19 20
19 35
20 21
20 36
21 22
21 37
22 23
22 38
23 24
23 39
24 25
24 40
25 26
25 41
26 27
26 42
27 28
27 43
28 29
28 44
29 30
29 45
30 31
30 46
31 47
32 33
32 48
33 34
33 49
34 35
34 50
35 36
35 51
36 37
36 52
37 38
37 53
38 39
38 54
39 40
39 55
40 41
40 56
41 42
41 57
42 43
42 58
43 44
43 59
44 45
44 60
45 46
45 61
46 47
46 62
47 63
48 49
48 64
49 50
49 65
50 51
50 66
51 52
51 67
52 53
52 68
53 54
53 69
54 55
54 70
55 56
55 71
56 57
56 72
57 58
57 73
58 59
58 74
59 60
59 75
60 61
60 76
61 62
61 77
62 63
62 78
63 79
64 65
64 80
65 66
65 81
66 67
66 82
67 68
67 83
68 69
68 84
69 70
69 85
70 71
70 86
71 72
71 87
72 73
72 88
73 74
73 89
74 75
74 90
75 76
75 91
76 77
76 92
77 78
77 93
78 79
78 94
79 95
80 81
80 96
81 82
81 97
82 83
82 98
83 84
83 99
84 85
84 100
85 86
85 101
85 341
85 342
86 87
86 102
86 341
86 343
87 88
87 103
87 342
87 344
88 89
88 104
88 343
88 345
89 90
89 105
89 344
89 346
90 91
90 106
90 345
90 346
91 92
91 107
92 93
92 108
93 94
93 109
94 95
94 110
95 111
96 97
96 112
97 98
97 113
98 99
98 114
99 100
99 115
100 101
100 116
101 102
101 117
102 103
102 118
103 104
103 119
104 105
104 120
105 106
105 121
106 107
106 122
107 108
107 123
108 109
108 124
109 110
109 125
110 111
110 126
111 127
112 113
112 128
113 114
113 129
114 115
114 130
115 116
115 131
116 117
116 132
117 118
117 133
118 119
118 134
119 120
119 135
120 121
120 136
121 122
121 137
122 123
122 138
123 124
123 139
124 125
124 140
125 126
125 141
126 127
126 142
127 143
128 129
128 144
129 130
129 145
130 131
130 146
131 132
131 147
132 133
132 148
133 134
133 149
134 135
134 150
135 136
135 151
136 137
136 152
137 138
137 153
138 139
138 154
139 140
139 155
140 141
140 156
141 142
141 157
142 143
142 158
143 159
144 145
144 160
145 146
145 161
146 147
146 162
147 148
147 163
148 149
148 164
149 150
149 165
150 151
150 166
151 152
151 167
152 153
152 168
153 154
153 169
154 155
154 170
155 156
155 171
156 157
156 172
157 158
157 173
158 159
158 174
159 175
160 161
160 176
161 162
161 177
162 163
162 178
163 164
163 179
164 165
164 180
165 166
165 181
165 421
165 422
166 167
166 182
166 421
166 423
167 168
167 183
167 422
167 424
168 169
168 184
168 423
168 425
169 170
169 185
169 424
169 426
170 171
170 186
170 425
170 426
171 172
171 187
172 173
172 188
173 174
173 189
174 175
174 190
175 191
176 177
176 192
177 178
177 193
178 179
178 194
179 180
179 195
180 181
180 196
181 182
181 197
182 183
182 198
183 184
183 199
184 185
184 200
185 186
185 201
186 187
186 202
187 188
187 203
188 189
188 204
189 190
189 205
190 191
190 206
191 207
192 193
192 208
193 194
193 209
194 195
194 210
195 196
195 211
196 197
196 212
197 198
197 213
198 199
198 214
199 200
199 215
200 201
200 216
201 202
201 217
202 203
202 218
203 204
203 219
204 205
204 220
205 206
205 221
206 207
206 222
207 223
208 209
208 224
209 210
209 225
210 211
210 226
211 212
211 227
212 213
212 228
213 214
213 229
214 215
214 230
215 216
215 231
216 217
216 232
217 218
217 233
218 219
218 234
219 220
219 235
220 221
220 236
221 222
221 237
222 223
222 238
223 239
224 225
224 240
225 226
225 241
226 227
226 242
227 228
227 243
228 229
228 244
229 230
229 245
230 231
230 246
231 232
231 247
232 233
232 248
233 234
233 249
234 235
234 250
235 236
235 251
236 237
236 252
237 238
237 253
238 239
238 254
239 255
240 241
241 242
242 243
243 244
244 245
245 246
246 247
247 248
248 249
249 250
250 251
251 252
252 253
253 254
254 255
256 257
256 272
257 258
257 273
258 259
258 274
259 260
259 275
260 261
260 276
261 262
261 277
262 263
262 278
263 264
263 279
264 265
264 280
265 266
265 281
266 267
266 282
267 268
267 283
268 269
268 284
269 270
269 285
270 271
270 286
271 287
272 273
272 288
273 274
273 289
274 275
274 290
275 276
275 291
276 277
276 292
277 278
277 293
278 279
278 294
279 280
279 295
280 281
280 296
281 282
281 297
282 283
282 298
283 284
283 299
284 285
284 300
285 286
285 301
286 287
286 302
287 303
288 289
288 304
289 290
289 305
290 291
290 306
291 292
291 307
292 293
292 308
293 294
293 309
294 295
294 310
295 296
295 311
296 297
296 312
297 298
297 313
298 299
298 314
299 300
299 315
300 301
300 316
301 302
301 317
302 303
302 318
303 319
304 305
304 320
305 306
305 321
306 307
306 322
307 308
307 323
308 309
308 324
309 310
309 325
310 311
310 326
311 312
311 327
312 313
312 328
313 314
313 329
314 315
314 330
315 316
315 331
316 317
316 332
317 318
317 333
318 319
318 334
319 335
320 321
320 336
321 322
321 337
322 323
322 338
323 324
323 339
324 325
324 340
325 326
325 341
326 327
326 342
327 328
327 343
328 329
328 344
329 330
329 345
330 331
330 346
331 332
331 347
332 333
332 348
333 334
333 349
334 335
334 350
335 351
336 337
336 352
337 338
337 353
338 339
338 354
339 340
339 355
340 341
340 356
341 101
341 342
341 357
342 343
342 358
343 344
343 359
344 345
344 360
345 346
345 361
346 106
346 347
346 362
347 348
347 363
348 349
348 364
349 350
349 365
350 351
350 366
351 367
352 353
352 368
353 354
353 369
354 355
354 370
355 356
355 371
356 357
356 372
357 85
357 117
357 358
357 373
358 359
358 374
359 360
359 375
360 361
360 376
361 362
361 377
362 90
362 122
362 363
362 378
363 364
363 379
364 365
364 380
365 366
365 381
366 367
366 382
367 383
368 369
368 384
369 370
369 385
370 371
370 386
371 372
371 387
372 373
372 388
373 101
373 133
373 374
373 389
374 375
374 390
375 376
375 391
376 377
376 392
377 378
377 393
378 106
378 138
378 379
378 394
379 380
379 395
380 381
380 396
381 382
381 397
382 383
382 398
383 399
384 385
384 400
385 386
385 401
386 387
386 402
387 388
387 403
388 389
388 404
389 117
389 149
389 390
389 405
390 391
390 406
391 392
391 407
392 393
392 408
393 394
393 409
394 122
394 154
394 395
394 410
395 396
395 411
396 397
396 412
397 398
397 413
398 399
398 414
399 415
400 401
400 416
401 402
401 417
402 403
402 418
403 404
403 419
404 405
404 420
405 133
405 165
405 406
405 421
406 407
406 422
407 408
407 423
408 409
408 424
409 410
409 425
410 138
410 170
410 411
410 426
411 412
411 427
412 413
412 428
413 414
413 429
414 415
414 430
415 431
416 417
416 432
417 418
417 433
418 419
418 434
419 420
419 435
420 421
420 436
421 149
421 422
421 437
422 423
422 438
423 424
423 439
424 425
424 440
425 426
425 441
426 154
426 427
426 442
427 428
427 443
428 429
428 444
429 430
429 445
430 431
430 446
431 447
432 433
432 448
433 434
433 449
434 435
434 450
435 436
435 451
436 437
436 452
437 438
437 453
438 439
438 454
439 440
439 455
440 441
440 456
441 442
441 457
442 443
442 458
443 444
443 459
444 445
444 460
445 446
445 461
446 447
446 462
447 463
448 449
448 464
449 450
449 465
450 451
450 466
451 452
451 467
452 453
452 468
453 454
453 469
454 455
454 470
455 456
455 471
456 457
456 472
457 458
457 473
458 459
458 474
459 460
459 475
460 461
460 476
461 462
461 477
462 463
462 478
463 479
464 465
464 480
465 466
465 481
466 467
466 482
467 468
467 483
468 469
468 484
469 470
469 485
470 471
470 486
471 472
471 487
472 473
472 488
473 474
473 489
474 475
474 490
475 476
475 491
476 477
476 492
477 478
477 493
478 479
478 494
479 495
480 481
480 496
481 482
481 497
482 483
482 498
483 484
483 499
484 485
484 500
485 486
485 501
486 487
486 502
487 488
487 503
488 489
488 504
489 490
489 505
490 491
490 506
491 492
491 507
492 493
492 508
493 494
493 509
494 495
494 510
495 511
496 497
497 498
498 499
499 500
500 501
501 502
502 503
503 504
504 505
505 506
506 507
507 508
508 509
509 510
510 511
