1 0
2 1
3 2
4 3
5 4
6 4
6 5
7 6
8 7
9 8
10 9
11 9
11 10
12 11
13 12
14 0
14 1
14 13
15 1
15 2
15 13
15 14
16 2
16 3
16 15
17 3
17 4
17 6
17 7
17 16
18 12
18 13
18 15
18 16
19 7
19 8
19 16
19 17
19 18
20 8
20 9
20 11
20 12
20 18
20 19
22 21
23 22
24 23
25 24
26 25
27 25
27 26
28 27
29 28
30 29
31 30
32 30
32 31
33 32
34 33
35 21
35 22
35 34
36 22
36 23
36 34
36 35
37 23
37 24
37 36
38 24
38 25
38 27
38 28
38 37
39 33
39 34
39 36
39 37
40 28
40 29
40 37
40 38
40 39
41 29
41 30
41 32
41 33
41 39
41 40
42 26
42 27
43 42
44 43
45 44
46 45
47 45
47 46
48 47
49 48
50 30
50 31
50 49
51 27
51 28
51 42
51 43
52 43
52 44
52 51
53 44
53 45
53 47
53 48
53 52
54 28
54 29
54 51
54 52
55 48
55 49
55 52
55 53
55 54
56 29
56 30
56 49
56 50
56 54
56 55
57 26
57 42
58 57
59 58
60 59
61 60
62 60
62 61
63 62
64 63
65 45
65 46
65 64
66 42
66 43
66 57
66 58
67 58
67 59
67 66
68 59
68 60
68 62
68 63
68 67
69 43
69 44
69 66
69 67
70 63
70 64
70 67
70 68
70 69
71 44
71 45
71 64
71 65
71 69
71 70
72 26
72 57
73 72
74 73
75 74
76 75
77 75
77 76
78 77
79 78
80 60
80 61
80 79
81 57
81 58
81 72
81 73
82 73
82 74
82 81
83 74
83 75
83 77
83 78
83 82
84 58
84 59
84 81
84 82
85 78
85 79
85 82
85 83
85 84
86 59
86 60
86 79
86 80
86 84
86 85
87 76
87 77
88 87
89 88
90 89
91 90
92 90
92 91
93 92
94 93
95 61
95 80
95 94
96 77
96 78
96 87
96 88
97 88
97 89
97 96
98 89
98 90
98 92
98 93
98 97
99 78
99 79
99 96
99 97
100 93
100 94
100 97
100 98
100 99
101 79
101 80
101 94
101 95
101 99
101 100
102 91
102 92
103 102
104 103
105 104
106 105
107 105
107 106
108 107
109 108
110 61
110 95
110 109
111 94
111 95
111 109
111 110
112 93
112 94
112 111
113 92
113 93
113 102
113 103
113 112
114 108
114 109
114 111
114 112
115 103
115 104
115 112
115 113
115 114
116 104
116 105
116 107
116 108
116 114
116 115
117 106
117 107
118 117
119 118
120 119
121 120
122 120
122 121
123 122
124 123
125 61
125 62
125 110
125 124
126 109
126 110
126 124
126 125
127 108
127 109
127 126
128 107
128 108
128 117
128 118
128 127
129 123
129 124
129 126
129 127
130 118
130 119
130 127
130 128
130 129
131 119
131 120
131 122
131 123
131 129
131 130
132 121
132 122
133 132
134 133
135 46
135 65
135 134
136 62
136 63
136 124
136 125
137 123
137 124
137 136
138 122
138 123
138 132
138 133
138 137
139 63
139 64
139 136
139 137
140 133
140 134
140 137
140 138
140 139
141 64
141 65
141 134
141 135
141 139
141 140
142 106
142 117
143 142
144 143
145 144
146 145
147 145
147 146
148 147
149 148
150 120
150 121
150 149
151 119
151 120
151 149
151 150
152 118
152 119
152 151
153 117
153 118
153 142
153 143
153 152
154 148
154 149
154 151
154 152
155 143
155 144
155 152
155 153
155 154
156 144
156 145
156 147
156 148
156 154
156 155
157 146
157 147
158 157
159 158
160 159
161 160
162 160
162 161
163 162
164 163
165 121
165 132
165 150
165 164
166 149
166 150
166 164
166 165
167 148
167 149
167 166
168 147
168 148
168 157
168 158
168 167
169 163
169 164
169 166
169 167
170 158
170 159
170 167
170 168
170 169
171 159
171 160
171 162
171 163
171 169
171 170
172 161
172 162
173 172
174 173
175 46
175 135
175 174
176 134
176 135
176 174
176 175
177 133
177 134
177 176
178 132
178 133
178 164
178 165
178 177
179 173
179 174
179 176
179 177
180 163
180 164
180 177
180 178
180 179
181 162
181 163
181 172
181 173
181 179
181 180
182 161
182 172
183 182
184 183
185 184
186 185
187 185
187 186
188 187
189 188
190 46
190 47
190 175
190 189
191 174
191 175
191 189
191 190
192 173
192 174
192 191
193 172
193 173
193 182
193 183
193 192
194 188
194 189
194 191
194 192
195 183
195 184
195 192
195 193
195 194
196 184
196 185
196 187
196 188
196 194
196 195
197 186
197 187
198 197
199 198
200 31
200 50
200 199
201 49
201 50
201 199
201 200
202 48
202 49
202 201
203 47
203 48
203 189
203 190
203 202
204 198
204 199
204 201
204 202
205 188
205 189
205 202
205 203
205 204
206 187
206 188
206 197
206 198
206 204
206 205
207 186
207 197
208 207
209 208
210 209
211 210
212 210
212 211
213 212
214 213
215 31
215 200
215 214
216 199
216 200
216 214
216 215
217 198
217 199
217 216
218 197
218 198
218 207
218 208
218 217
219 213
219 214
219 216
219 217
220 208
220 209
220 217
220 218
220 219
221 209
221 210
221 212
221 213
221 219
221 220
222 31
222 32
222 215
223 222
224 223
225 224
226 225
227 225
227 226
228 227
229 228
230 21
230 35
230 229
231 34
231 35
231 229
231 230
232 33
232 34
232 231
233 32
233 33
233 222
233 223
233 232
234 228
234 229
234 231
234 232
235 223
235 224
235 232
235 233
235 234
236 224
236 225
236 227
236 228
236 234
236 235
237 211
237 212
238 237
239 238
240 225
240 226
240 239
241 214
241 215
241 222
241 223
242 213
242 214
242 241
243 212
243 213
243 237
243 238
243 242
244 223
244 224
244 241
244 242
245 238
245 239
245 242
245 243
245 244
246 224
246 225
246 239
246 240
246 244
246 245
247 185
247 186
247 207
248 247
249 248
250 249
251 250
252 250
252 251
253 252
254 253
255 210
255 211
255 254
256 207
256 208
256 247
256 248
257 248
257 249
257 256
258 249
258 250
258 252
258 253
258 257
259 208
259 209
259 256
259 257
260 253
260 254
260 257
260 258
260 259
261 209
261 210
261 254
261 255
261 259
261 260
262 161
262 182
263 262
264 263
265 250
265 251
265 264
266 184
266 185
266 247
266 248
267 183
267 184
267 266
268 182
268 183
268 262
268 263
268 267
269 248
269 249
269 266
269 267
270 263
270 264
270 267
270 268
270 269
271 249
271 250
271 264
271 265
271 269
271 270
272 160
272 161
272 262
273 272
274 273
275 274
276 275
277 275
277 276
278 277
279 278
280 251
280 265
280 279
281 262
281 263
281 272
281 273
282 273
282 274
282 281
283 274
283 275
283 277
283 278
283 282
284 263
284 264
284 281
284 282
285 278
285 279
285 282
285 283
285 284
286 264
286 265
286 279
286 280
286 284
286 285
287 146
287 157
288 287
289 288
290 275
290 276
290 289
291 159
291 160
291 272
291 273
292 158
292 159
292 291
293 157
293 158
293 287
293 288
293 292
294 273
294 274
294 291
294 292
295 288
295 289
295 292
295 293
295 294
296 274
296 275
296 289
296 290
296 294
296 295
297 276
297 277
298 297
299 298
300 299
301 300
302 300
302 301
303 302
304 303
305 251
305 280
305 304
306 279
306 280
306 304
306 305
307 278
307 279
307 306
308 277
308 278
308 297
308 298
308 307
309 303
309 304
309 306
309 307
310 298
310 299
310 307
310 308
310 309
311 299
311 300
311 302
311 303
311 309
311 310
312 301
312 302
313 312
314 313
315 314
316 315
317 315
317 316
318 317
319 318
320 251
320 252
320 305
320 319
321 304
321 305
321 319
321 320
322 303
322 304
322 321
323 302
323 303
323 312
323 313
323 322
324 318
324 319
324 321
324 322
325 313
325 314
325 322
325 323
325 324
326 314
326 315
326 317
326 318
326 324
326 325
327 316
327 317
328 327
329 328
330 211
330 255
330 329
331 254
331 255
331 329
331 330
332 253
332 254
332 331
333 252
333 253
333 319
333 320
333 332
334 328
334 329
334 331
334 332
335 318
335 319
335 332
335 333
335 334
336 317
336 318
336 327
336 328
336 334
336 335
337 301
337 312
338 337
339 338
340 339
341 340
342 340
342 341
343 342
344 343
345 315
345 316
345 344
346 314
346 315
346 344
346 345
347 313
347 314
347 346
348 312
348 313
348 337
348 338
348 347
349 343
349 344
349 346
349 347
350 338
350 339
350 347
350 348
350 349
351 339
351 340
351 342
351 343
351 349
351 350
352 316
352 327
352 345
353 352
354 353
355 0
355 354
356 0
356 355
357 356
358 357
359 211
359 237
359 330
359 358
360 329
360 330
360 358
360 359
361 328
361 329
361 360
362 327
362 328
362 352
362 353
362 361
363 357
363 358
363 360
363 361
364 353
364 354
364 361
364 362
364 363
365 354
365 355
365 356
365 357
365 363
365 364
366 0
366 14
366 356
367 366
368 367
369 226
369 240
369 368
370 239
370 240
370 368
370 369
371 238
371 239
371 370
372 237
372 238
372 358
372 359
372 371
373 367
373 368
373 370
373 371
374 357
374 358
374 371
374 372
374 373
375 356
375 357
375 366
375 367
375 373
375 374
376 341
376 342
377 376
378 377
379 0
379 1
379 355
379 378
380 344
380 345
380 352
380 353
381 343
381 344
381 380
382 342
382 343
382 376
382 377
382 381
383 353
383 354
383 380
383 381
384 377
384 378
384 381
384 382
384 383
385 354
385 355
385 378
385 379
385 383
385 384
386 341
386 376
387 386
388 387
389 4
389 5
389 388
390 1
390 2
390 378
390 379
391 377
391 378
391 390
392 376
392 377
392 386
392 387
392 391
393 2
393 3
393 390
393 391
394 387
394 388
394 391
394 392
394 393
395 3
395 4
395 388
395 389
395 393
395 394
396 10
396 11
397 396
398 397
399 226
399 369
399 398
400 368
400 369
400 398
400 399
401 367
401 368
401 400
402 13
402 14
402 366
402 367
402 401
403 397
403 398
403 400
403 401
404 12
404 13
404 401
404 402
404 403
405 11
405 12
405 396
405 397
405 403
405 404
