1 0
2 1
3 1
3 2
4 3
5 4
6 5
7 6
8 7
9 8
10 9
11 10
12 11
13 12
14 13
15 14
16 15
17 0
17 16
19 18
20 19
21 20
22 21
23 22
24 23
25 24
26 25
27 26
28 27
29 28
30 29
31 30
32 31
33 32
34 33
35 34
36 35
37 36
38 37
39 38
40 39
41 40
42 41
43 42
44 43
45 44
46 45
47 46
48 47
49 48
50 49
51 50
52 51
53 52
54 53
55 54
56 55
57 56
58 57
59 58
60 59
61 18
61 60
63 62
64 63
65 64
66 65
67 66
68 67
69 68
70 69
71 70
72 9
72 10
72 11
73 8
73 9
73 72
74 6
74 7
74 8
74 73
75 5
75 6
75 74
76 1
76 3
76 4
76 5
76 75
77 11
77 12
77 72
78 72
78 77
79 72
79 73
79 78
80 73
80 74
80 79
81 74
81 75
81 80
82 75
82 81
83 75
83 76
83 82
84 1
84 76
84 83
85 0
85 1
85 84
86 12
86 13
86 77
87 77
87 78
87 86
88 78
88 87
89 78
89 88
90 78
90 89
91 78
91 79
91 90
92 79
92 91
93 79
93 80
93 92
94 80
94 93
95 80
95 81
95 94
96 81
96 95
97 81
97 82
97 96
98 82
98 97
99 82
99 83
99 98
100 83
100 99
101 83
101 84
101 100
102 84
102 101
103 84
103 102
104 84
104 85
104 103
105 85
105 104
106 0
106 17
106 85
106 105
107 13
107 14
107 15
107 86
108 86
108 87
108 88
108 107
109 88
109 108
110 88
110 89
110 109
111 89
111 110
112 89
112 111
113 89
113 112
114 89
114 113
115 89
115 90
115 114
116 90
116 115
117 90
117 91
117 116
118 91
118 117
119 91
119 92
119 118
120 92
120 119
121 92
121 93
121 120
122 93
122 121
123 93
123 94
123 95
123 122
124 95
124 123
125 95
125 96
125 124
126 96
126 125
127 96
127 97
127 126
128 97
128 127
129 97
129 98
129 128
130 98
130 99
130 129
131 99
131 100
131 130
132 100
132 131
133 100
133 101
133 132
134 101
134 133
135 101
135 102
135 134
136 102
136 135
137 102
137 136
138 102
138 103
138 137
139 103
139 138
140 103
140 139
141 103
141 140
142 103
142 141
143 103
143 104
143 142
144 104
144 105
144 143
145 105
145 144
146 16
146 17
146 105
146 106
146 145
147 107
147 108
148 108
148 109
148 147
149 71
149 109
149 110
149 148
150 70
150 71
150 110
150 111
150 149
151 70
151 111
151 112
151 150
152 68
152 69
152 70
152 112
152 151
153 66
153 67
153 68
153 112
153 152
154 66
154 112
154 113
154 153
155 65
155 66
155 113
155 114
155 154
156 63
156 64
156 65
156 114
156 115
156 155
157 63
157 115
157 116
157 156
158 62
158 63
158 116
158 157
159 62
159 116
159 158
160 116
160 117
160 159
161 117
161 160
162 117
162 118
162 161
163 118
163 119
163 162
164 119
164 163
165 119
165 120
165 121
165 122
165 164
166 122
166 165
167 122
167 166
168 122
168 123
168 167
169 123
169 168
170 123
170 124
170 169
171 124
171 170
172 124
172 171
173 124
173 125
173 126
173 127
173 172
174 127
174 128
174 173
175 128
175 129
175 174
176 129
176 175
177 129
177 130
177 176
178 130
178 177
179 130
179 131
179 178
180 131
180 179
181 131
181 132
181 180
182 132
182 133
182 134
182 181
183 134
183 182
184 134
184 135
184 136
184 183
185 136
185 184
186 136
186 185
187 136
187 137
187 186
188 137
188 187
189 137
189 188
190 137
190 138
190 189
191 138
191 139
191 190
192 139
192 140
192 191
193 140
193 141
193 192
194 141
194 193
195 141
195 194
196 141
196 142
196 195
197 142
197 196
198 142
198 143
198 144
198 197
199 144
199 145
199 198
200 145
200 146
200 199
201 147
201 148
202 71
202 148
202 149
202 201
203 198
203 199
204 199
204 200
204 203
205 71
205 201
205 202
206 203
206 204
207 15
207 16
207 107
207 146
207 147
207 200
208 147
208 200
208 201
208 204
208 207
209 201
209 204
209 205
209 206
209 208
210 205
210 206
210 209
212 18
212 211
213 164
213 165
213 166
214 166
214 213
215 166
215 167
215 168
215 214
216 168
216 169
216 215
217 169
217 216
218 169
218 170
218 217
219 170
219 171
219 172
219 218
220 172
220 219
221 172
221 173
221 174
221 220
222 174
222 221
223 174
223 175
223 222
224 175
224 176
224 177
224 223
225 177
225 178
225 224
226 178
226 225
227 178
227 179
227 226
228 179
228 180
228 181
228 227
229 181
229 182
229 228
230 182
230 183
230 229
231 183
231 230
232 183
232 184
232 185
232 231
233 185
233 186
233 232
234 186
234 233
235 186
235 187
235 188
235 234
236 188
236 235
237 188
237 189
237 236
238 189
238 190
238 191
238 237
239 191
239 192
239 238
240 192
240 239
241 192
241 193
241 194
241 240
242 194
242 241
243 194
243 195
243 242
244 243
245 195
245 243
245 244
246 195
246 196
246 197
246 245
247 197
247 198
247 203
247 206
247 246
248 206
248 210
248 211
248 247
249 71
249 205
249 210
250 210
250 211
250 248
250 249
251 164
251 213
252 163
252 164
252 251
253 160
253 161
253 162
253 163
253 252
254 160
254 253
255 160
255 254
256 62
256 159
256 160
256 255
257 70
257 71
257 211
257 249
257 250
258 68
258 69
258 70
258 211
258 212
258 257
259 18
259 68
259 212
259 258
260 18
260 19
260 66
260 67
260 68
260 259
261 19
261 20
261 65
261 66
261 260
262 20
262 21
262 64
262 65
262 261
263 21
263 22
263 64
263 262
264 22
264 23
264 63
264 64
264 263
265 23
265 24
265 62
265 63
265 264
266 24
266 25
266 62
266 256
266 265
267 25
267 26
267 254
267 255
267 256
267 266
268 26
268 27
268 253
268 254
268 267
269 27
269 28
269 252
269 253
269 268
270 28
270 29
270 251
270 252
270 269
271 29
271 30
271 251
271 270
272 30
272 31
272 213
272 251
272 271
273 31
273 32
273 213
273 214
273 272
274 32
274 33
274 214
274 215
274 273
275 33
275 34
275 215
275 216
275 217
275 274
276 34
276 35
276 217
276 275
277 35
277 36
277 217
277 218
277 219
277 276
278 36
278 37
278 219
278 220
278 277
279 37
279 38
279 220
279 221
279 278
280 38
280 39
280 221
280 222
280 279
281 39
281 40
281 41
281 222
281 280
282 41
282 42
282 222
282 223
282 281
283 42
283 43
283 223
283 224
283 282
284 43
284 44
284 224
284 225
284 283
285 44
285 45
285 225
285 226
285 227
285 284
286 45
286 46
286 227
286 228
286 285
287 46
287 47
287 228
287 229
287 286
288 47
288 48
288 229
288 230
288 287
289 48
289 49
289 230
289 288
290 49
290 50
290 230
290 231
290 289
291 50
291 51
291 231
291 232
291 290
292 51
292 52
292 232
292 233
292 291
293 52
293 53
293 233
293 234
293 292
294 53
294 54
294 234
294 235
294 236
294 293
295 54
295 55
295 236
295 237
295 294
296 55
296 56
296 237
296 238
296 295
297 56
297 57
297 238
297 239
297 296
298 57
298 58
298 239
298 240
298 297
299 58
299 59
299 240
299 298
300 59
300 60
300 240
300 241
300 299
301 60
301 61
301 241
301 242
301 300
302 18
302 61
302 242
302 243
302 244
302 301
303 18
303 212
303 244
303 302
304 211
304 212
304 244
304 245
304 246
304 303
305 211
305 246
305 247
305 248
305 304
