0 13
0 14
1 12
1 14
2 11
2 14
3 10
3 14
4 9
4 14
5 8
5 14
6 7
6 14
7 14
8 14
9 14
10 14
11 14
12 14
13 14
15 11
15 13
16 10
16 13
17 9
17 13
18 8
18 13
19 7
19 13
20 6
20 13
21 5
21 13
22 4
22 13
23 3
23 13
24 2
24 13
25 1
25 13
26 0
26 13
27 11
27 12
28 10
28 12
29 9
29 12
30 8
30 12
31 7
31 12
32 6
32 12
33 5
33 12
34 4
34 12
35 3
35 12
36 2
36 12
37 1
37 12
38 0
38 12
39 10
39 11
40 9
40 11
41 8
41 11
42 7
42 11
43 6
43 11
44 5
44 11
45 4
45 11
46 3
46 11
47 2
47 11
48 1
48 11
49 0
49 11
50 9
50 10
51 8
51 10
52 7
52 10
53 6
53 10
54 5
54 10
55 4
55 10
56 3
56 10
57 2
57 10
58 1
58 10
59 0
59 10
60 8
60 9
61 7
61 9
62 6
62 9
63 5
63 9
64 4
64 9
65 3
65 9
66 2
66 9
67 1
67 9
68 0
68 9
69 7
69 8
70 6
70 8
71 5
71 8
72 4
72 8
73 3
73 8
74 2
74 8
75 1
75 8
76 0
76 8
77 6
77 7
78 5
78 7
79 4
79 7
80 3
80 7
81 2
81 7
82 1
82 7
83 0
83 7
84 5
84 6
85 4
85 6
86 3
86 6
87 2
87 6
88 1
88 6
89 0
89 6
90 4
90 5
91 3
91 5
92 2
92 5
93 1
93 5
94 0
94 5
95 3
95 4
96 2
96 4
97 1
97 4
98 0
98 4
99 2
99 3
100 1
100 3
101 0
101 3
102 1
102 2
103 0
103 2
104 0
104 1
