0 1
0 2
0 20
1 0
1 3
1 21
2 0
2 3
2 4
2 22
3 1
3 2
3 5
3 23
4 2
4 5
4 6
4 24
5 3
5 4
5 7
5 25
6 4
6 7
6 8
6 26
7 5
7 6
7 9
7 27
8 6
8 9
8 10
8 28
9 7
9 8
9 11
9 29
10 8
10 11
10 12
10 30
11 9
11 10
11 13
11 31
12 10
12 13
12 14
12 32
13 11
13 12
13 15
13 33
14 12
14 15
14 16
14 34
15 13
15 14
15 17
15 35
16 14
16 17
16 18
16 36
17 15
17 16
17 19
17 37
18 16
18 19
18 38
19 17
19 18
19 39
20 0
20 21
20 22
20 40
21 1
21 20
21 23
21 41
22 2
22 20
22 23
22 24
22 42
23 3
23 21
23 22
23 25
23 43
24 4
24 22
24 25
24 26
24 44
25 5
25 23
25 24
25 27
25 45
26 6
26 24
26 27
26 28
26 46
27 7
27 25
27 26
27 29
27 47
28 8
28 26
28 29
28 30
28 48
29 9
29 27
29 28
29 31
29 49
30 10
30 28
30 31
30 32
30 50
31 11
31 29
31 30
31 33
31 51
32 12
32 30
32 33
32 34
32 52
33 13
33 31
33 32
33 35
33 53
34 14
34 32
34 35
34 36
34 54
35 15
35 33
35 34
35 37
35 55
36 16
36 34
36 37
36 38
36 56
37 17
37 35
37 36
37 39
37 57
38 18
38 36
38 39
38 58
39 19
39 37
39 38
39 59
40 20
40 41
40 42
40 60
41 21
41 40
41 43
41 61
42 22
42 40
42 43
42 44
42 62
43 23
43 41
43 42
43 45
43 63
44 24
44 42
44 45
44 46
44 64
45 25
45 43
45 44
45 47
45 65
46 26
46 44
46 47
46 48
46 66
47 27
47 45
47 46
47 49
47 67
48 28
48 46
48 49
48 50
48 68
49 29
49 47
49 48
49 51
49 69
50 30
50 48
50 51
50 52
50 70
51 31
51 49
51 50
51 53
51 71
52 32
52 50
52 53
52 54
52 72
53 33
53 51
53 52
53 55
53 73
54 34
54 52
54 55
54 56
54 74
55 35
55 53
55 54
55 57
55 75
56 36
56 54
56 57
56 58
56 76
57 37
57 55
57 56
57 59
57 77
58 38
58 56
58 59
58 78
59 39
59 57
59 58
59 79
60 40
60 61
60 62
60 80
61 41
61 60
61 63
61 81
62 42
62 60
62 63
62 64
62 82
63 43
63 61
63 62
63 65
63 83
64 44
64 62
64 65
64 66
64 84
65 45
65 63
65 64
65 67
65 85
66 46
66 64
66 67
66 68
66 86
67 47
67 65
67 66
67 69
67 87
68 48
68 66
68 69
68 70
68 88
69 49
69 67
69 68
69 71
69 89
70 50
70 68
70 71
70 72
70 90
71 51
71 69
71 70
71 73
71 91
72 52
72 70
72 73
72 74
72 92
73 53
73 71
73 72
73 75
73 93
74 54
74 72
74 75
74 76
74 94
75 55
75 73
75 74
75 77
75 95
76 56
76 74
76 77
76 78
76 96
77 57
77 75
77 76
77 79
77 97
78 58
78 76
78 79
78 98
79 59
79 77
79 78
79 99
80 60
80 81
80 82
80 100
81 61
81 80
81 83
81 101
82 62
82 80
82 83
82 84
82 102
83 63
83 81
83 82
83 85
83 103
84 64
84 82
84 85
84 86
84 104
85 65
85 83
85 84
85 87
85 105
86 66
86 84
86 87
86 88
86 106
87 67
87 85
87 86
87 89
87 107
88 68
88 86
88 89
88 90
88 108
89 69
89 87
89 88
89 91
89 109
90 70
90 88
90 91
90 92
90 110
91 71
91 89
91 90
91 93
91 111
92 72
92 90
92 93
92 94
92 112
93 73
93 91
93 92
93 95
93 113
94 74
94 92
94 95
94 96
94 114
95 75
95 93
95 94
95 97
95 115
96 76
96 94
96 97
96 98
96 116
97 77
97 95
97 96
97 99
97 117
98 78
98 96
98 99
98 118
99 79
99 97
99 98
99 119
100 80
100 101
100 102
100 120
101 81
101 100
101 103
101 121
102 82
102 100
102 103
102 104
102 122
103 83
103 101
103 102
103 105
103 123
104 84
104 102
104 105
104 106
104 124
105 85
105 103
105 104
105 107
105 125
106 86
106 104
106 107
106 108
106 126
107 87
107 105
107 106
107 109
107 127
108 88
108 106
108 109
108 110
108 128
109 89
109 107
109 108
109 111
109 129
110 90
110 108
110 111
110 112
110 130
111 91
111 109
111 110
111 113
111 131
112 92
112 110
112 113
112 114
112 132
113 93
113 111
113 112
113 115
113 133
114 94
114 112
114 115
114 116
114 134
115 95
115 113
115 114
115 117
115 135
116 96
116 114
116 117
116 118
116 136
117 97
117 115
117 116
117 119
117 137
118 98
118 116
118 119
118 138
119 99
119 117
119 118
119 139
120 100
120 121
120 122
120 140
121 101
121 120
121 123
121 141
122 102
122 120
122 123
122 124
122 142
123 103
123 121
123 122
123 125
123 143
124 104
124 122
124 125
124 126
124 144
125 105
125 123
125 124
125 127
125 145
126 106
126 124
126 127
126 128
126 146
127 107
127 125
127 126
127 129
127 147
128 108
128 126
128 129
128 130
128 148
129 109
129 127
129 128
129 131
129 149
130 110
130 128
130 131
130 132
130 150
131 111
131 129
131 130
131 133
131 151
132 112
132 130
132 133
132 134
132 152
133 113
133 131
133 132
133 135
133 153
134 114
134 132
134 135
134 136
134 154
135 115
135 133
135 134
135 137
135 155
136 116
136 134
136 137
136 138
136 156
137 117
137 135
137 136
137 139
137 157
138 118
138 136
138 139
138 158
139 119
139 137
139 138
139 159
140 120
140 141
140 142
140 160
141 121
141 140
141 143
141 161
142 122
142 140
142 143
142 144
142 162
143 123
143 141
143 142
143 145
143 163
144 124
144 142
144 145
144 146
144 164
145 125
145 143
145 144
145 147
145 165
146 126
146 144
146 147
146 148
146 166
147 127
147 145
147 146
147 149
147 167
148 128
148 146
148 149
148 150
148 168
149 129
149 147
149 148
149 151
149 169
150 130
150 148
150 151
150 152
150 170
151 131
151 149
151 150
151 153
151 171
152 132
152 150
152 153
152 154
152 172
153 133
153 151
153 152
153 155
153 173
154 134
154 152
154 155
154 156
154 174
155 135
155 153
155 154
155 157
155 175
156 136
156 154
156 157
156 158
156 176
157 137
157 155
157 156
157 159
157 177
158 138
158 156
158 159
158 178
159 139
159 157
159 158
159 179
160 140
160 161
160 162
160 180
161 141
161 160
161 163
161 181
162 142
162 160
162 163
162 164
162 182
163 143
163 161
163 162
163 165
163 183
164 144
164 162
164 165
164 166
164 184
165 145
165 163
165 164
165 167
165 185
166 146
166 164
166 167
166 168
166 186
167 147
167 165
167 166
167 169
167 187
168 148
168 166
168 169
168 170
168 188
169 149
169 167
169 168
169 171
169 189
170 150
170 168
170 171
170 172
170 190
171 151
171 169
171 170
171 173
171 191
172 152
172 170
172 173
172 174
172 192
173 153
173 171
173 172
173 175
173 193
174 154
174 172
174 175
174 176
174 194
175 155
175 173
175 174
175 177
175 195
176 156
176 174
176 177
176 178
176 196
177 157
177 175
177 176
177 179
177 197
178 158
178 176
178 179
178 198
179 159
179 177
179 178
179 199
180 160
180 181
180 182
181 161
181 180
181 183
182 162
182 180
182 183
182 184
183 163
183 181
183 182
183 185
184 164
184 182
184 185
184 186
185 165
185 183
185 184
185 187
186 166
186 184
186 187
186 188
187 167
187 185
187 186
187 189
188 168
188 186
188 189
188 190
189 169
189 187
189 188
189 191
190 170
190 188
190 191
190 192
191 171
191 189
191 190
191 193
192 172
192 190
192 193
192 194
193 173
193 191
193 192
193 195
194 174
194 192
194 195
194 196
195 175
195 193
195 194
195 197
196 176
196 194
196 197
196 198
197 177
197 195
197 196
197 199
198 178
198 196
198 199
199 179
199 197
199 198
