0 1
0 2
0 20
1 3
1 21
2 3
2 4
2 22
3 5
3 23
4 5
4 6
4 24
5 7
5 25
6 7
6 8
6 26
7 9
7 27
8 9
8 10
8 28
9 11
9 29
10 11
10 12
10 30
11 13
11 31
12 13
12 14
12 32
13 15
13 33
14 15
14 16
14 34
15 17
15 35
16 17
16 18
16 36
17 19
17 37
18 19
18 38
19 39
20 21
20 22
20 40
21 23
21 41
22 23
22 24
22 42
23 25
23 43
24 25
24 26
24 44
25 27
25 45
26 27
26 28
26 46
27 29
27 47
28 29
28 30
28 48
29 31
29 49
30 31
30 32
30 50
31 33
31 51
32 33
32 34
32 52
33 35
33 53
34 35
34 36
34 54
35 37
35 55
36 37
36 38
36 56
37 39
37 57
38 39
38 58
39 59
40 41
40 42
40 60
41 43
41 61
42 43
42 44
42 62
43 45
43 63
44 45
44 46
44 64
45 47
45 65
46 47
46 48
46 66
47 49
47 67
48 49
48 50
48 68
49 51
49 69
50 51
50 52
50 70
51 53
51 71
52 53
52 54
52 72
53 55
53 73
54 55
54 56
54 74
55 57
55 75
56 57
56 58
56 76
57 59
57 77
58 59
58 78
59 79
60 61
60 62
60 80
61 63
61 81
62 63
62 64
62 82
63 65
63 83
64 65
64 66
64 84
65 67
65 85
66 67
66 68
66 86
67 69
67 87
68 69
68 70
68 88
69 71
69 89
70 71
70 72
70 90
71 73
71 91
72 73
72 74
72 92
73 75
73 93
74 75
74 76
74 94
75 77
75 95
76 77
76 78
76 96
77 79
77 97
78 79
78 98
79 99
80 81
80 82
80 100
81 83
81 101
82 83
82 84
82 102
83 85
83 103
84 85
84 86
84 104
85 87
85 105
86 87
86 88
86 106
87 89
87 107
88 89
88 90
88 108
89 91
89 109
90 91
90 92
90 110
91 93
91 111
92 93
92 94
92 112
93 95
93 113
94 95
94 96
94 114
95 97
95 115
96 97
96 98
96 116
97 99
97 117
98 99
98 118
99 119
100 101
100 102
100 120
101 103
101 121
102 103
102 104
102 122
103 105
103 123
104 105
104 106
104 124
105 107
105 125
106 107
106 108
106 126
107 109
107 127
108 109
108 110
108 128
109 111
109 129
110 111
110 112
110 130
111 113
111 131
112 113
112 114
112 132
113 115
113 133
114 115
114 116
114 134
115 117
115 135
116 117
116 118
116 136
117 119
117 137
118 119
118 138
119 139
120 121
120 122
120 140
121 123
121 141
122 123
122 124
122 142
123 125
123 143
124 125
124 126
124 144
125 127
125 145
126 127
126 128
126 146
127 129
127 147
128 129
128 130
128 148
129 131
129 149
130 131
130 132
130 150
131 133
131 151
132 133
132 134
132 152
133 135
133 153
134 135
134 136
134 154
135 137
135 155
136 137
136 138
136 156
137 139
137 157
138 139
138 158
139 159
140 141
140 142
140 160
141 143
141 161
142 143
142 144
142 162
143 145
143 163
144 145
144 146
144 164
145 147
145 165
146 147
146 148
146 166
147 149
147 167
148 149
148 150
148 168
149 151
149 169
150 151
150 152
150 170
151 153
151 171
152 153
152 154
152 172
153 155
153 173
154 155
154 156
154 174
155 157
155 175
156 157
156 158
156 176
157 159
157 177
158 159
158 178
159 179
160 161
160 162
160 180
161 163
161 181
162 163
162 164
162 182
163 165
163 183
164 165
164 166
164 184
165 167
165 185
166 167
166 168
166 186
167 169
167 187
168 169
168 170
168 188
169 171
169 189
170 171
170 172
170 190
171 173
171 191
172 173
172 174
172 192
173 175
173 193
174 175
174 176
174 194
175 177
175 195
176 177
176 178
176 196
177 179
177 197
178 179
178 198
179 199
180 181
180 182
181 183
182 183
182 184
183 185
184 185
184 186
185 187
186 187
186 188
187 189
188 189
188 190
189 191
190 191
190 192
191 193
192 193
192 194
193 195
194 195
194 196
195 197
196 197
196 198
197 199
198 199
